

public class OCRApp {

	public static void main(String[] args) throws Exception {
	
		float[][] trainingData = new float[][] {
			 new float[] {0,0,1,1,1,1,0,0,0,1,1,0,0,1,1,0,1,1,0,0,0,0,1,1,1,0,0,0,0,0,0,1,1,0,0,0,0,0,0,1,1,1,0,0,0,0,1,1,0,1,1,0,0,1,1,0,0,0,1,1,1,1,0,0},
			 new float[] {1,1,1,1,1,1,1,1,1,1,0,0,0,0,1,1,1,1,0,0,0,0,1,1,1,1,0,0,0,0,1,1,1,1,0,0,0,0,1,1,1,1,0,0,0,0,1,1,1,1,0,0,0,0,1,1,1,1,1,1,1,1,1,1},
			 new float[] {0,0,0,1,0,0,0,0,0,0,1,1,0,0,0,0,0,0,1,0,0,0,0,0,0,1,1,0,0,1,0,0,1,1,1,1,1,1,1,1,0,0,0,0,0,1,0,0,0,0,0,0,0,0,1,0,0,0,0,0,0,0,0,0},
			 new float[] {0,0,1,1,0,0,0,1,0,1,1,0,1,0,1,1,0,1,0,0,0,1,1,1,1,1,0,0,1,1,0,1,1,0,0,1,1,0,0,1,1,0,0,1,0,0,0,1,1,1,1,1,0,0,0,1,0,1,1,0,0,0,0,1},
			 new float[] {0,1,1,0,0,0,1,1,0,1,0,0,0,0,0,1,1,1,0,0,0,0,0,1,1,0,0,0,0,0,0,1,1,0,0,0,1,0,1,1,1,1,0,0,1,0,1,0,0,1,1,0,1,0,1,0,0,0,1,1,1,1,1,0},
			 new float[] {0,0,0,0,1,1,0,0,1,0,0,1,1,1,0,0,0,0,1,1,0,1,0,0,0,1,1,0,0,1,0,0,1,1,0,0,1,1,1,1,0,0,0,0,0,1,0,0,0,0,0,0,0,1,0,0,0,0,0,0,0,1,0,0},
			 new float[] {1,1,1,1,1,0,0,1,1,0,0,1,1,0,0,1,1,0,0,1,1,0,0,1,1,0,0,1,1,0,0,1,1,0,0,1,1,0,1,1,1,0,0,0,1,1,1,1,1,0,0,0,0,1,1,0,1,0,0,0,0,0,0,0},
			 new float[] {0,0,1,1,1,1,0,0,0,1,1,1,0,1,1,0,1,1,0,0,0,1,1,1,1,0,0,0,0,1,0,1,1,0,1,0,0,1,0,1,1,1,0,0,0,1,0,1,0,1,1,0,0,1,1,1,0,0,1,0,0,1,1,0},
			 new float[] {1,1,0,0,0,0,0,0,1,0,0,0,0,0,0,1,1,0,0,0,1,0,1,1,1,0,0,1,1,1,1,0,1,0,0,1,1,1,0,0,1,0,0,1,1,0,0,0,1,0,1,1,1,0,0,0,1,1,1,0,1,0,0,0},
			 new float[] {0,0,0,0,0,0,0,0,0,1,1,0,0,1,1,0,1,1,1,1,1,1,1,1,1,0,0,1,1,0,0,1,1,0,0,1,1,0,0,1,1,1,1,1,1,1,1,1,0,1,1,0,0,1,1,0,0,0,0,0,0,0,0,0},
			 new float[] {0,1,1,1,0,0,0,1,1,1,0,1,1,0,0,1,1,0,0,1,1,0,0,1,1,0,0,0,1,0,0,1,1,0,0,1,1,0,0,1,1,0,0,0,1,0,0,1,1,1,0,1,1,0,0,1,0,1,1,1,1,1,1,1}
		};
		
		float[][] trainingResults = new float[][] {
			 new float[] {1,0,0,0,0,0,0,0,0,0}, // "0"
			 new float[] {1,0,0,0,0,0,0,0,0,0}, // "0"
			 new float[] {0,1,0,0,0,0,0,0,0,0},// "1"
			 new float[] {0,0,1,0,0,0,0,0,0,0},// "2"
			 new float[] {0,0,0,1,0,0,0,0,0,0},// "3"
			 new float[] {0,0,0,0,1,0,0,0,0,0},// "4"
			 new float[] {0,0,0,0,0,1,0,0,0,0},// "5"
			 new float[] {0,0,0,0,0,0,1,0,0,0},// "6"
			 new float[] {0,0,0,0,0,0,0,1,0,0},// "7"
			 new float[] {0,0,0,0,0,0,0,0,1,0},// "8"
			 new float[] {0,0,0,0,0,0,0,0,0,1}// "9"
		};
		
		BackpropNeuralNetwork backpropagationNeuralNetworks = new BackpropNeuralNetwork(64, 15, 10);
	
		for (int iterations = 0; iterations < NeuralNetConstants.ITERATIONS; iterations++) {
	
			for (int i = 0; i < trainingResults.length; i++) {
				backpropagationNeuralNetworks.train(trainingData[i], trainingResults[i], NeuralNetConstants.LEARNING_RATE, NeuralNetConstants.MOMENTUM);
			}
	
			if ((iterations + 1) % 100 == 0) {
				System.out.println();
				for (int i = 0; i < trainingResults.length; i++) {
					float[] data = trainingData[i];
					float[] calculatedOutput = backpropagationNeuralNetworks.run(data);
					System.out.println(calculatedOutput[0]+" "+calculatedOutput[1]+" "+calculatedOutput[2]+" "+calculatedOutput[3]+" "+calculatedOutput[4]+" "+calculatedOutput[5]+" "+calculatedOutput[6]+" "+calculatedOutput[7]+" "+calculatedOutput[8]+" "+calculatedOutput[9]);
				}
			}
		}
		System.out.println("After the training, make prediction!!");
		System.out.println("---------------------------");
		
		float[] calculatedOutput = backpropagationNeuralNetworks.run(new float[] {1,0,1,1,1,1,0,1,0,1,1,0,0,1,1,0,1,1,0,0,0,0,1,1,1,0,0,0,0,0,0,1,1,0,0,0,0,0,0,1,1,1,0,0,0,0,1,1,0,1,1,0,0,1,1,0,1,0,1,1,1,1,0,1});
		System.out.println(calculatedOutput[0]+" "+calculatedOutput[1]+" "+calculatedOutput[2]+" "+calculatedOutput[3]+" "+calculatedOutput[4]+" "+calculatedOutput[5]+" "+calculatedOutput[6]+" "+calculatedOutput[7]+" "+calculatedOutput[8]+" "+calculatedOutput[9]);
	
		System.out.println("---------------------------");
		
		calculatedOutput = backpropagationNeuralNetworks.run(new float[] {0,0,1,1,1,1,0,0,0,1,1,0,0,1,1,0,1,1,0,0,0,0,1,1,1,0,0,0,0,0,0,1,1,0,0,0,0,0,0,1,1,1,0,0,0,0,1,1,0,1,1,0,0,1,1,0,0,0,1,1,1,1,0,0});
		System.out.println(calculatedOutput[0]+" "+calculatedOutput[1]+" "+calculatedOutput[2]+" "+calculatedOutput[3]+" "+calculatedOutput[4]+" "+calculatedOutput[5]+" "+calculatedOutput[6]+" "+calculatedOutput[7]+" "+calculatedOutput[8]+" "+calculatedOutput[9]);
	
		System.out.println("---------------------------");
		
		calculatedOutput = backpropagationNeuralNetworks.run(new float[] {1,1,1,1,1,1,1,1,1,1,0,0,0,0,1,1,1,1,0,0,0,0,1,1,1,1,0,0,0,0,1,1,1,1,0,0,0,0,1,1,1,1,0,0,0,0,1,1,1,1,0,0,0,0,1,1,1,1,1,1,1,1,1,1});
		System.out.println(calculatedOutput[0]+" "+calculatedOutput[1]+" "+calculatedOutput[2]+" "+calculatedOutput[3]+" "+calculatedOutput[4]+" "+calculatedOutput[5]+" "+calculatedOutput[6]+" "+calculatedOutput[7]+" "+calculatedOutput[8]+" "+calculatedOutput[9]);
	
	}
}
/*
42E-4 5.7938526E-4 2.9314197E-8 7.1403076E-5
1.9608594E-7 0.99904484 4.7027293E-4 5.933297E-4 7.0164364E-4 3.6447277E-4 8.132221E-4 4.4313332E-4 1.7784804E-4 2.7774723E-4
2.4460669E-5 3.9761869E-4 0.99893576 1.751719E-9 1.5406911E-5 4.6448747E-4 5.33112E-4 5.97198E-5 5.3694686E-5 7.163423E-4
2.1786595E-4 4.5539165E-4 3.312825E-8 0.99879843 2.4199784E-4 1.2749327E-4 5.6199834E-4 2.3149895E-4 4.4170447E-4 8.178954E-4
5.827381E-4 5.3881493E-4 5.208178E-7 7.479777E-4 0.9989982 2.8980256E-7 3.973556E-7 2.1996973E-4 5.068371E-4 2.8525593E-4
4.5661005E-4 4.6617124E-4 1.1852694E-4 3.1901375E-4 1.5193722E-5 0.998941 1.06007916E-4 2.8764938E-5 5.3923234E-4 3.4447596E-4
8.6041226E-4 3.331949E-4 7.0087373E-4 4.3936248E-4 1.8165567E-6 4.2195042E-4 0.9985709 1.1755358E-5 4.4702642E-4 2.3568244E-7
4.0751116E-4 6.079754E-4 4.984846E-4 2.2502059E-4 3.4064718E-4 4.7191558E-4 3.7534505E-7 0.9992005 2.9352866E-4 4.7195473E-4
1.7954884E-5 4.224947E-5 2.7199197E-4 1.8027036E-4 5.2322855E-4 5.016828E-4 6.09607E-4 4.8047237E-4 0.9989432 1.4775038E-4
4.740818E-4 5.1984975E-5 6.316232E-4 5.584166E-4 3.8548125E-4 5.9919024E-4 2.9531984E-9 2.0787357E-4 1.19107826E-4 0.99897873

0.99936366 7.0526043E-9 3.3626024E-5 3.1231553E-4 6.648115E-4 7.108587E-5 6.000175E-4 1.35253695E-5 5.339358E-4 1.3129407E-4
0.99900264 3.49198E-8 1.01274694E-4 3.2229297E-4 3.6404165E-4 5.370621E-4 6.415463E-4 5.7934964E-4 2.9311401E-8 7.139906E-5
1.9605359E-7 0.9990449 4.7025186E-4 5.9332943E-4 7.0163293E-4 3.6447903E-4 8.1321475E-4 4.4314514E-4 1.7783973E-4 2.7775622E-4
2.4459128E-5 3.9759025E-4 0.9989358 1.7515219E-9 1.5406971E-5 4.6446954E-4 5.3309975E-4 5.9722537E-5 5.369151E-5 7.1632245E-4
2.1784725E-4 4.5535562E-4 3.312383E-8 0.9987985 2.4198677E-4 1.2748744E-4 5.619649E-4 2.3148725E-4 4.416984E-4 8.178939E-4
5.8268284E-4 5.3879025E-4 5.207806E-7 7.47951E-4 0.9989983 2.898009E-7 3.9734007E-7 2.1996659E-4 5.068427E-4 2.8525756E-4
4.565613E-4 4.6614904E-4 1.1851847E-4 3.189961E-4 1.5192924E-5 0.99894106 1.0600721E-4 2.8763758E-5 5.3921103E-4 3.444589E-4
8.6034136E-4 3.33152E-4 7.008403E-4 4.393319E-4 1.8163973E-6 4.219303E-4 0.998571 1.1755134E-5 4.4701173E-4 2.3567074E-7
4.074867E-4 6.079441E-4 4.984627E-4 2.2500793E-4 3.4063778E-4 4.7190412E-4 3.7532E-7 0.9992006 2.9352307E-4 4.7194256E-4
1.7952829E-5 4.2244432E-5 2.719746E-4 1.80253E-4 5.232126E-4 5.016503E-4 6.095745E-4 4.8045497E-4 0.99894327 1.4774391E-4
4.740671E-4 5.1983683E-5 6.3162256E-4 5.583956E-4 3.8548734E-4 5.991811E-4 2.953007E-9 2.0787516E-4 1.19102944E-4 0.9989788

0.9993637 7.0515016E-9 3.3623044E-5 3.1229886E-4 6.648175E-4 7.1084316E-5 5.9999543E-4 1.352515E-5 5.3393125E-4 1.3128943E-4
0.99900264 3.4915537E-8 1.01279526E-4 3.222767E-4 3.6403403E-4 5.370488E-4 6.41509E-4 5.793124E-4 2.930855E-8 7.139491E-5
1.9602143E-7 0.9990449 4.7023123E-4 5.933283E-4 7.016222E-4 3.6448424E-4 8.1320776E-4 4.4315698E-4 1.778316E-4 2.7776443E-4
2.4457542E-5 3.9756295E-4 0.99893594 1.7513215E-9 1.5407E-5 4.6445118E-4 5.3308887E-4 5.97251E-5 5.3688338E-5 7.1630266E-4
2.1782836E-4 4.5532046E-4 3.3119342E-8 0.9987985 2.41975E-4 1.2748184E-4 5.6193274E-4 2.3147489E-4 4.4169312E-4 8.178915E-4
5.82627E-4 5.387656E-4 5.2074284E-7 7.4792356E-4 0.9989984 2.8979923E-7 3.973253E-7 2.1996323E-4 5.0684897E-4 2.852589E-4
4.5651366E-4 4.661268E-4 1.1850987E-4 3.1897848E-4 1.5192142E-5 0.9989411 1.0600671E-4 2.8762497E-5 5.3918944E-4 3.4444183E-4
8.6027005E-4 3.3310914E-4 7.0080627E-4 4.3930154E-4 1.8162398E-6 4.2191058E-4 0.99857104 1.175491E-5 4.469966E-4 2.3565883E-7
4.0746125E-4 6.07914E-4 4.984409E-4 2.2499505E-4 3.4062754E-4 4.7189152E-4 3.7529745E-7 0.9992006 2.935186E-4 4.719291E-4
1.7950759E-5 4.2239437E-5 2.7195722E-4 1.8023548E-4 5.2319665E-4 5.016187E-4 6.095408E-4 4.804378E-4 0.9989433 1.4773714E-4
4.740522E-4 5.1982595E-5 6.316232E-4 5.583743E-4 3.8549118E-4 5.9917313E-4 2.9528153E-9 2.0787536E-4 1.1909851E-4 0.99897885

0.9993637 7.050372E-9 3.362006E-5 3.122804E-4 6.648261E-4 7.1082686E-5 5.9997116E-4 1.3525035E-5 5.3392537E-4 1.312848E-4
0.99900264 3.4911277E-8 1.01284255E-4 3.222598E-4 3.6402585E-4 5.3703395E-4 6.41472E-4 5.7927676E-4 2.9305811E-8 7.139082E-5
1.9598966E-7 0.99904495 4.7021062E-4 5.9332687E-4 7.0160953E-4 3.6448945E-4 8.132004E-4 4.43169E-4 1.7782295E-4 2.7777342E-4
2.445605E-5 3.9753455E-4 0.998936 1.7511177E-9 1.5407073E-5 4.644337E-4 5.330759E-4 5.9727947E-5 5.368511E-5 7.1628427E-4
2.1781008E-4 4.5528356E-4 3.311492E-8 0.99879855 2.419637E-4 1.2747577E-4 5.618982E-4 2.314632E-4 4.416868E-4 8.1789E-4
5.825701E-4 5.387415E-4 5.2070607E-7 7.478968E-4 0.9989985 2.8979812E-7 3.9730975E-7 2.1995987E-4 5.068552E-4 2.8526026E-4
4.564647E-4 4.6610416E-4 1.1850163E-4 3.1896084E-4 1.5191316E-5 0.9989412 1.060061E-4 2.8761344E-5 5.391686E-4 3.444254E-4
8.6019875E-4 3.3306627E-4 7.0077286E-4 4.3927075E-4 1.8160734E-6 4.2189047E-4 0.9985711 1.1754686E-5 4.469821E-4 2.3564715E-7
4.0743386E-4 6.078879E-4 4.9842184E-4 2.2498111E-4 3.40616E-4 4.7187624E-4 3.752774E-7 0.9992006 2.9351495E-4 4.7191468E-4
1.7948687E-5 4.2234442E-5 2.7193985E-4 1.8021777E-4 5.231789E-4 5.015867E-4 6.0950825E-4 4.8042016E-4 0.9989433 1.4773052E-4
4.7403865E-4 5.1981107E-5 6.316232E-4 5.5835035E-4 3.8549743E-4 5.9916486E-4 2.9526126E-9 2.0787773E-4 1.19093405E-4 0.9989789

0.9993637 7.0492825E-9 3.361711E-5 3.1226315E-4 6.6483114E-4 7.1081195E-5 5.9995055E-4 1.3524802E-5 5.339215E-4 1.3128018E-4
0.99900264 3.4906947E-8 1.0128889E-4 3.222429E-4 3.6401892E-4 5.370206E-4 6.414335E-4 5.7924114E-4 2.9302962E-8 7.138681E-5
1.9595713E-7 0.99904495 4.7018955E-4 5.9332437E-4 7.016008E-4 3.6449553E-4 8.131919E-4 4.4318126E-4 1.7781447E-4 2.7778192E-4
2.4454464E-5 3.9750725E-4 0.99893606 1.750924E-9 1.5407102E-5 4.6441532E-4 5.330662E-4 5.973034E-5 5.3682143E-5 7.162645E-4
2.1779098E-4 4.5524884E-4 3.3110435E-8 0.99879855 2.419524E-4 1.274703E-4 5.618663E-4 2.314504E-4 4.416828E-4 8.178884E-4
5.8251404E-4 5.387163E-4 5.2066787E-7 7.478665E-4 0.9989986 2.8979676E-7 3.9729497E-7 2.1995672E-4 5.068608E-4 2.852619E-4
4.5641663E-4 4.6608195E-4 1.1849293E-4 3.189423E-4 1.5190592E-5 0.99894124 1.06005595E-4 2.876011E-5 5.391468E-4 3.444077E-4
8.6012867E-4 3.330234E-4 7.007395E-4 4.3923894E-4 1.815921E-6 4.2187097E-4 0.99857116 1.17544505E-5 4.4696697E-4 2.3563545E-7
4.0740627E-4 6.0786185E-4 4.9840234E-4 2.2496739E-4 3.4060626E-4 4.7186206E-4 3.752563E-7 0.99920064 2.935119E-4 4.7189984E-4
1.7946633E-5 4.222945E-5 2.7192273E-4 1.8019957E-4 5.231637E-4 5.015547E-4 6.0947484E-4 4.8040322E-4 0.9989434 1.4772377E-4
4.740226E-4 5.1980114E-5 6.316232E-4 5.583288E-4 3.8550128E-4 5.9915887E-4 2.9524212E-9 2.0787754E-4 1.19088865E-4 0.99897903

0.9993638 7.0481803E-9 3.3614066E-5 3.122447E-4 6.6483876E-4 7.10797E-5 5.999271E-4 1.3524622E-5 5.339154E-4 1.3127566E-4
0.99900264 3.4902754E-8 1.0129411E-4 3.2222507E-4 3.6401095E-4 5.370068E-4 6.413953E-4 5.792044E-4 2.9300166E-8 7.138265E-5
1.959248E-7 0.99904495 4.7016895E-4 5.933212E-4 7.0158846E-4 3.6450004E-4 8.131845E-4 4.431929E-4 1.7780598E-4 2.777909E-4
2.4452926E-5 3.9747884E-4 0.9989361 1.7507137E-9 1.5407131E-5 4.6439804E-4 5.330548E-4 5.973313E-5 5.3678916E-5 7.162453E-4
2.1777187E-4 4.5521327E-4 3.3106016E-8 0.9987986 2.4194062E-4 1.2746434E-4 5.6183286E-4 2.3143848E-4 4.4167668E-4 8.1788684E-4
5.824579E-4 5.3869217E-4 5.206301E-7 7.4783835E-4 0.9989987 2.8979508E-7 3.9727905E-7 2.1995338E-4 5.0686684E-4 2.8526326E-4
4.563681E-4 4.6605928E-4 1.1848434E-4 3.1892373E-4 1.5189796E-5 0.99894124 1.06005085E-4 2.8758905E-5 5.3912547E-4 3.443906E-4
8.600578E-4 3.3298024E-4 7.0070545E-4 4.3920733E-4 1.8157565E-6 4.2185065E-4 0.9985712 1.1754215E-5 4.4695186E-4 2.3562355E-7
4.073822E-4 6.0782995E-4 4.983805E-4 2.2495494E-4 3.4059605E-4 4.718499E-4 3.7523125E-7 0.99920064 2.9350657E-4 4.718877E-4
1.7944561E-5 4.2224456E-5 2.7190536E-4 1.801817E-4 5.23147E-4 5.015229E-4 6.094429E-4 4.8038582E-4 0.99894345 1.4771715E-4
4.7400792E-4 5.1978877E-5 6.316232E-4 5.5830565E-4 3.8550643E-4 5.9914973E-4 2.952224E-9 2.0787874E-4 1.1908421E-4 0.9989791

0.9993638 7.047078E-9 3.3611115E-5 3.122274E-4 6.648442E-4 7.107828E-5 5.9990684E-4 1.3524376E-5 5.339111E-4 1.3127115E-4
0.99900264 3.4898495E-8 1.0129846E-4 3.2220787E-4 3.640047E-4 5.369925E-4 6.41358E-4 5.7916774E-4 2.9297372E-8 7.137871E-5
1.9589248E-7 0.999045 4.7014878E-4 5.9331924E-4 7.015798E-4 3.6450525E-4 8.13176E-4 4.4320515E-4 1.7779751E-4 2.7779938E-4
2.4451387E-5 3.974523E-4 0.9989362 1.7505133E-9 1.5407206E-5 4.643799E-4 5.330439E-4 5.9735525E-5 5.3675794E-5 7.1622554E-4
2.1775236E-4 4.5517855E-4 3.3101532E-8 0.9987986 2.4192955E-4 1.2745887E-4 5.61801E-4 2.3142569E-4 4.4167228E-4 8.178853E-4
5.8240135E-4 5.3866755E-4 5.205924E-7 7.478088E-4 0.9989988 2.8979508E-7 3.972639E-7 2.1995002E-4 5.0687284E-4 2.8526463E-4
4.563196E-4 4.6603664E-4 1.1847576E-4 3.189055E-4 1.5189056E-5 0.9989413 1.0600448E-4 2.875767E-5 5.391041E-4 3.4437352E-4
8.599873E-4 3.3293737E-4 7.0067274E-4 4.3917572E-4 1.8156059E-6 4.2183057E-4 0.99857134 1.1753979E-5 4.4693716E-4 2.3561186E-7
4.0735598E-4 6.078022E-4 4.983601E-4 2.2494122E-4 3.4058696E-4 4.7183665E-4 3.7521013E-7 0.99920064 2.9350264E-4 4.718742E-4
1.7942475E-5 4.2219464E-5 2.71888E-4 1.8016348E-4 5.2313256E-4 5.014906E-4 6.094092E-4 4.8036865E-4 0.9989435 1.4771053E-4
4.7399188E-4 5.1977837E-5 6.316232E-4 5.582838E-4 3.855103E-4 5.9914374E-4 2.9520384E-9 2.0787874E-4 1.1907966E-4 0.99897915

0.9993638 7.045989E-9 3.360817E-5 3.1220957E-4 6.6485174E-4 7.1076654E-5 5.998837E-4 1.3524222E-5 5.3390604E-4 1.3126653E-4
0.99900264 3.4894168E-8 1.0130328E-4 3.2219067E-4 3.6399707E-4 5.369781E-4 6.413207E-4 5.791321E-4 2.929458E-8 7.137449E-5
1.9586035E-7 0.999045 4.701268E-4 5.9331645E-4 7.0156873E-4 3.6451098E-4 8.131694E-4 4.4321676E-4 1.7778954E-4 2.778081E-4
2.4449777E-5 3.9742427E-4 0.99893624 1.7503097E-9 1.540722E-5 4.6436285E-4 5.330327E-4 5.9738202E-5 5.3672673E-5 7.1620644E-4
2.1773367E-4 4.55143E-4 3.3097177E-8 0.99879867 2.4191802E-4 1.2745315E-4 5.6176755E-4 2.3141377E-4 4.416668E-4 8.1788376E-4
5.823464E-4 5.3864287E-4 5.2055515E-7 7.477799E-4 0.99899894 2.897929E-7 3.9724912E-7 2.1994645E-4 5.068789E-4 2.852657E-4
4.562711E-4 4.660144E-4 1.184674E-4 3.1888665E-4 1.5188274E-5 0.99894136 1.0600397E-4 2.875649E-5 5.390831E-4 3.4435646E-4
8.5991604E-4 3.3289485E-4 7.006387E-4 4.3914412E-4 1.8154432E-6 4.2181066E-4 0.9985714 1.1753756E-5 4.4692223E-4 2.3559996E-7
4.0732863E-4 6.0777494E-4 4.983411E-4 2.249277E-4 3.4057623E-4 4.7182202E-4 3.7518797E-7 0.99920064 2.9349874E-4 4.7186026E-4
1.7940456E-5 4.221443E-5 2.7187064E-4 1.8014562E-4 5.231161E-4 5.0145836E-4 6.093761E-4 4.8035127E-4 0.99894357 1.4770376E-4
4.7397718E-4 5.1976545E-5 6.316232E-4 5.582599E-4 3.8551562E-4 5.991354E-4 2.9518412E-9 2.0788012E-4 1.19074895E-4 0.9989792

0.9993638 7.0449007E-9 3.360519E-5 3.121917E-4 6.648568E-4 7.107537E-5 5.9986336E-4 1.3523977E-5 5.339022E-4 1.3126203E-4
0.99900264 3.4889908E-8 1.0130802E-4 3.2217285E-4 3.639908E-4 5.3696433E-4 6.4128253E-4 5.7909545E-4 2.9291785E-8 7.1370334E-5
1.9582822E-7 0.9990451 4.7010664E-4 5.933145E-4 7.0156006E-4 3.645164E-4 8.131605E-4 4.4322902E-4 1.7778107E-4 2.7781687E-4
2.444819E-5 3.97397E-4 0.99893636 1.7501127E-9 1.5407264E-5 4.6434515E-4 5.3302257E-4 5.974065E-5 5.3669602E-5 7.1618735E-4
2.1771478E-4 4.5510783E-4 3.3092633E-8 0.99879867 2.4190672E-4 1.2744757E-4 5.617354E-4 2.3140074E-4 4.4166195E-4 8.178814E-4
5.8228977E-4 5.3861877E-4 5.205159E-7 7.477511E-4 0.998999 2.8979122E-7 3.9723398E-7 2.1994331E-4 5.068847E-4 2.8526707E-4
4.5622283E-4 4.659922E-4 1.18458585E-4 3.188684E-4 1.5187536E-5 0.9989414 1.0600337E-4 2.8755283E-5 5.3906173E-4 3.4433906E-4
8.5984514E-4 3.328517E-4 7.006059E-4 4.391123E-4 1.8152873E-6 4.2179076E-4 0.99857146 1.175352E-5 4.4690754E-4 2.3558827E-7
4.0730165E-4 6.077477E-4 4.983202E-4 2.249142E-4 3.4056697E-4 4.7180854E-4 3.7516793E-7 0.9992007 2.934948E-4 4.7184495E-4
1.7938368E-5 4.2209398E-5 2.7185353E-4 1.8012758E-4 5.231019E-4 5.014266E-4 6.0934416E-4 4.8033387E-4 0.99894357 1.47697E-4
4.7396228E-4 5.1975556E-5 6.316232E-4 5.582389E-4 3.8551984E-4 5.991297E-4 2.9516554E-9 2.0788012E-4 1.19070355E-4 0.99897933

0.99936384 7.043799E-9 3.3602144E-5 3.1217386E-4 6.648641E-4 7.107381E-5 5.998402E-4 1.3523809E-5 5.3389685E-4 1.3125739E-4
0.99900264 3.4885716E-8 1.0131265E-4 3.2215597E-4 3.6398318E-4 5.369495E-4 6.4124557E-4 5.790598E-4 2.9288936E-8 7.136639E-5
1.957961E-7 0.9990451 4.700856E-4 5.933122E-4 7.0154865E-4 3.6452195E-4 8.131531E-4 4.4324063E-4 1.7777258E-4 2.778256E-4
2.4446676E-5 3.9736973E-4 0.9989364 1.7499058E-9 1.5407322E-5 4.6432746E-4 5.3301064E-4 5.974327E-5 5.3666427E-5 7.161675E-4
2.1769547E-4 4.5507227E-4 3.3088277E-8 0.9987987 2.4189519E-4 1.2744186E-4 5.6170305E-4 2.3138884E-4 4.4165668E-4 8.1787986E-4
5.822337E-4 5.385941E-4 5.204782E-7 7.477215E-4 0.9989991 2.89789E-7 3.9721806E-7 2.1993974E-4 5.0689076E-4 2.852687E-4
4.5617457E-4 4.6596912E-4 1.1845E-4 3.1884987E-4 1.5186753E-5 0.9989415 1.06002764E-4 2.875405E-5 5.390404E-4 3.4432198E-4
8.5977424E-4 3.3280885E-4 7.0057256E-4 4.3908026E-4 1.8151297E-6 4.2177105E-4 0.9985715 1.17532845E-5 4.4689327E-4 2.3557637E-7
4.0727737E-4 6.0771644E-4 4.9829786E-4 2.2490176E-4 3.4055693E-4 4.717966E-4 3.7514252E-7 0.9992007 2.934895E-4 4.7183328E-4
1.7936332E-5 4.2204447E-5 2.7183592E-4 1.8010955E-4 5.230854E-4 5.01395E-4 6.0931104E-4 4.8031623E-4 0.9989436 1.4769039E-4
4.7394738E-4 5.1974366E-5 6.316232E-4 5.5821624E-4 3.8552444E-4 5.9912173E-4 2.9514584E-9 2.0788111E-4 1.190657E-4 0.9989794

0.99936384 7.0426975E-9 3.3599194E-5 3.1215628E-4 6.6487014E-4 7.107238E-5 5.9981935E-4 1.3523551E-5 5.3389306E-4 1.3125276E-4
0.99900264 3.4881324E-8 1.0131758E-4 3.2213784E-4 3.6397623E-4 5.3693826E-4 6.4120797E-4 5.790237E-4 2.9286198E-8 7.136217E-5
1.9576399E-7 0.9990451 4.7006496E-4 5.9330906E-4 7.0154E-4 3.6452664E-4 8.131458E-4 4.4325247E-4 1.7776445E-4 2.7783462E-4
2.4445091E-5 3.9734246E-4 0.9989365 1.7497088E-9 1.5407382E-5 4.6431064E-4 5.33001E-4 5.9745722E-5 5.3663407E-5 7.161484E-4
2.1767638E-4 4.5503757E-4 3.308367E-8 0.9987987 2.4188388E-4 1.2743639E-4 5.616709E-4 2.3137603E-4 4.4165144E-4 8.178783E-4
5.8217737E-4 5.3856894E-4 5.2044E-7 7.476923E-4 0.99899924 2.89789E-7 3.9720328E-7 2.1993638E-4 5.068963E-4 2.8527007E-4
4.5612585E-4 4.6594735E-4 1.18441305E-4 3.1883162E-4 1.51860295E-5 0.99894154 1.06002255E-4 2.8752844E-5 5.390191E-4 3.4430524E-4
8.597034E-4 3.3276572E-4 7.0053985E-4 4.390487E-4 1.814974E-6 4.2175135E-4 0.9985716 1.1753072E-5 4.4687814E-4 2.3556468E-7
4.072504E-4 6.076898E-4 4.982779E-4 2.2488782E-4 3.4054767E-4 4.7178133E-4 3.751214E-7 0.9992007 2.9348585E-4 4.7181887E-4
1.7934262E-5 4.21995E-5 2.718188E-4 1.8009152E-4 5.23071E-4 5.0136255E-4 6.0927856E-4 4.802993E-4 0.9989437 1.4768362E-4
4.7393134E-4 5.1973373E-5 6.316232E-4 5.581944E-4 3.8552794E-4 5.9911545E-4 2.9512726E-9 2.078809E-4 1.1906127E-4 0.99897945

0.99936384 7.0416095E-9 3.3596214E-5 3.1213844E-4 6.648774E-4 7.107075E-5 5.9979735E-4 1.3523383E-5 5.338887E-4 1.31248E-4
0.99900264 3.4877E-8 1.0132241E-4 3.2211974E-4 3.639686E-4 5.369234E-4 6.411713E-4 5.7898863E-4 2.9283461E-8 7.1357885E-5
1.9573189E-7 0.99904513 4.7004392E-4 5.933068E-4 7.0152996E-4 3.645322E-4 8.131388E-4 4.432645E-4 1.7775598E-4 2.778431E-4
2.4443529E-5 3.973152E-4 0.99893653 1.7495052E-9 1.5407397E-5 4.6429381E-4 5.329898E-4 5.974834E-5 5.3660235E-5 7.161293E-4
2.1765749E-4 4.5500157E-4 3.3079317E-8 0.9987988 2.4187259E-4 1.2743067E-4 5.6163827E-4 2.3136368E-4 4.4164594E-4 8.178775E-4
5.821222E-4 5.385443E-4 5.2040275E-7 7.476631E-4 0.9989993 2.897868E-7 3.9718776E-7 2.1993324E-4 5.069026E-4 2.852714E-4
4.5607804E-4 4.659247E-4 1.1843283E-4 3.1881308E-4 1.5185262E-5 0.9989416 1.0600165E-4 2.8751636E-5 5.3899805E-4 3.4428787E-4
8.596334E-4 3.3272163E-4 7.005078E-4 4.390152E-4 1.8148165E-6 4.2173246E-4 0.9985717 1.1752859E-5 4.4686452E-4 2.3555188E-7
4.0722263E-4 6.076637E-4 4.982594E-4 2.248741E-4 3.4053743E-4 4.7176649E-4 3.7510173E-7 0.9992007 2.934828E-4 4.7180403E-4
1.7932176E-5 4.2194428E-5 2.718017E-4 1.8007366E-4 5.230555E-4 5.0133077E-4 6.0924544E-4 4.802819E-4 0.99894375 1.47677E-4
4.739162E-4 5.1972136E-5 6.316232E-4 5.581705E-4 3.855338E-4 5.991072E-4 2.9510812E-9 2.078821E-4 1.1905662E-4 0.99897957

0.99936384 7.0405215E-9 3.3593205E-5 3.1212028E-4 6.648847E-4 7.1069335E-5 5.9977674E-4 1.3523151E-5 5.3388416E-4 1.312435E-4
0.99900264 3.487261E-8 1.0132705E-4 3.22101E-4 3.6396115E-4 5.3691113E-4 6.4113404E-4 5.78953E-4 2.9280669E-8 7.135359E-5
1.9569941E-7 0.99904513 4.7002375E-4 5.933037E-4 7.015223E-4 3.645381E-4 8.1313064E-4 4.4327654E-4 1.7774785E-4 2.7785156E-4
2.4441968E-5 3.972883E-4 0.9989366 1.7493117E-9 1.5407455E-5 4.642761E-4 5.329796E-4 5.9750793E-5 5.3657164E-5 7.161095E-4
2.176386E-4 4.549673E-4 3.3074773E-8 0.9987988 2.4186129E-4 1.2742484E-4 5.6160614E-4 2.3135089E-4 4.416411E-4 8.1787515E-4
5.820656E-4 5.385197E-4 5.2036404E-7 7.4763387E-4 0.9989994 2.897857E-7 3.971726E-7 2.1992967E-4 5.0690887E-4 2.8527278E-4
4.5602935E-4 4.659025E-4 1.18424025E-4 3.1879425E-4 1.51845525E-5 0.9989416 1.06001244E-4 2.8750403E-5 5.389767E-4 3.4427046E-4
8.5956254E-4 3.3267753E-4 7.0047576E-4 4.3898236E-4 1.8146555E-6 4.2171357E-4 0.99857175 1.1752646E-5 4.468494E-4 2.355393E-7
4.071976E-4 6.0763303E-4 4.9823755E-4 2.2486123E-4 3.40529E-4 4.7175479E-4 3.750774E-7 0.99920076 2.9347802E-4 4.7179146E-4
1.7930124E-5 4.218948E-5 2.7178435E-4 1.8005546E-4 5.230416E-4 5.01299E-4 6.092132E-4 4.802645E-4 0.9989438 1.4767039E-4
4.7390084E-4 5.1971143E-5 6.316238E-4 5.581495E-4 3.8553803E-4 5.991E-4 2.9508955E-9 2.078821E-4 1.1905196E-4 0.9989796

0.9993639 7.039434E-9 3.3590193E-5 3.1210302E-4 6.648914E-4 7.1067974E-5 5.9975364E-4 1.3522971E-5 5.338783E-4 1.3123886E-4
0.99900264 3.486822E-8 1.0133246E-4 3.2208257E-4 3.639537E-4 5.368978E-4 6.4109644E-4 5.7891745E-4 2.9277821E-8 7.13491E-5
1.9566731E-7 0.9990452 4.7000314E-4 5.9330143E-4 7.015119E-4 3.6454314E-4 8.131225E-4 4.43289E-4 1.7773938E-4 2.778603E-4
2.4440405E-5 3.9726065E-4 0.99893665 1.7491115E-9 1.5407499E-5 4.642582E-4 5.3296867E-4 5.9753413E-5 5.3654043E-5 7.1609044E-4
2.1761951E-4 4.5493172E-4 3.307042E-8 0.99879885 2.4185023E-4 1.2741938E-4 5.615735E-4 2.3133877E-4 4.4163584E-4 8.1787363E-4
5.8200955E-4 5.3849554E-4 5.2032584E-7 7.4760464E-4 0.99899954 2.8978403E-7 3.9715746E-7 2.1992633E-4 5.0691416E-4 2.8527385E-4
4.559811E-4 4.6587983E-4 1.1841544E-4 3.18776E-4 1.518377E-5 0.99894166 1.0600054E-4 2.8749224E-5 5.389554E-4 3.4425373E-4
8.594925E-4 3.3263408E-4 7.0044305E-4 4.3895034E-4 1.8144998E-6 4.2169407E-4 0.9985718 1.1752433E-5 4.4683428E-4 2.3552694E-7
4.0717295E-4 6.0760236E-4 4.9821567E-4 2.2484858E-4 3.4051941E-4 4.7174242E-4 3.750538E-7 0.99920076 2.9347243E-4 4.717784E-4
1.7928072E-5 4.218445E-5 2.717667E-4 1.800376E-4 5.2302587E-4 5.012672E-4 6.0917955E-4 4.8024688E-4 0.9989438 1.476635E-4
4.7388548E-4 5.1969906E-5 6.316232E-4 5.581266E-4 3.855428E-4 5.9909286E-4 2.9507097E-9 2.078827E-4 1.1904742E-4 0.9989797

0.9993639 7.0383197E-9 3.358728E-5 3.1208518E-4 6.648971E-4 7.106662E-5 5.9973303E-4 1.3522726E-5 5.338747E-4 1.3123424E-4
0.99900264 3.4863763E-8 1.01337195E-4 3.2206476E-4 3.639464E-4 5.368855E-4 6.410601E-4 5.7888293E-4 2.927514E-8 7.134482E-5
1.9563522E-7 0.9990452 4.6998254E-4 5.932989E-4 7.0150424E-4 3.645487E-4 8.1311556E-4 4.4330064E-4 1.777309E-4 2.7786905E-4
2.4438845E-5 3.9723376E-4 0.9989368 1.748908E-9 1.5407559E-5 4.6424114E-4 5.32958E-4 5.975592E-5 5.3651027E-5 7.160713E-4
2.1760043E-4 4.5489662E-4 3.306588E-8 0.99879885 2.4183915E-4 1.274139E-4 5.6154164E-4 2.313262E-4 4.41631E-4 8.1787206E-4
5.819538E-4 5.384699E-4 5.2028713E-7 7.475762E-4 0.99899966 2.897835E-7 3.9714195E-7 2.1992296E-4 5.069207E-4 2.8527548E-4
4.5593287E-4 4.6585719E-4 1.1840686E-4 3.1875778E-4 1.5183061E-5 0.9989417 1.0600014E-4 2.874799E-5 5.389346E-4 3.4423664E-4
8.594217E-4 3.325903E-4 7.004117E-4 4.389175E-4 1.8143423E-6 4.2167515E-4 0.9985719 1.175222E-5 4.4682002E-4 2.3551459E-7
4.0714518E-4 6.075763E-4 4.981962E-4 2.2483444E-4 3.4050984E-4 4.7172737E-4 3.750334E-7 0.99920076 2.934691E-4 4.7176357E-4
1.792602E-5 4.21795E-5 2.7174962E-4 1.8001959E-4 5.2301114E-4 5.012352E-4 6.091467E-4 4.8022994E-4 0.99894387 1.4765687E-4
4.738699E-4 5.1968913E-5 6.316238E-4 5.581048E-4 3.8554685E-4 5.9908687E-4 2.9505185E-9 2.078829E-4 1.1904288E-4 0.99897975

0.9993639 7.037259E-9 3.3584267E-5 3.1206763E-4 6.6490436E-4 7.1065064E-5 5.997113E-4 1.35225455E-5 5.338704E-4 1.3122961E-4
0.99900264 3.4859507E-8 1.0134213E-4 3.2204602E-4 3.639386E-4 5.368717E-4 6.410228E-4 5.7884795E-4 2.9272405E-8 7.134039E-5
1.9560294E-7 0.99904525 4.6996193E-4 5.9329637E-4 7.014935E-4 3.645546E-4 8.131074E-4 4.4331225E-4 1.7772242E-4 2.7787752E-4
2.4437306E-5 3.972065E-4 0.99893683 1.7487046E-9 1.5407602E-5 4.6422388E-4 5.329479E-4 5.9758484E-5 5.3647855E-5 7.160515E-4
2.1758134E-4 4.548615E-4 3.30614E-8 0.9987989 2.4182786E-4 1.274082E-4 5.615092E-4 2.3131362E-4 4.4162595E-4 8.1786973E-4
5.818986E-4 5.3844525E-4 5.2024893E-7 7.475487E-4 0.9989997 2.897821E-7 3.971268E-7 2.1991962E-4 5.069255E-4 2.8527685E-4
4.5588418E-4 4.6583498E-4 1.1839828E-4 3.1873953E-4 1.5182293E-5 0.9989418 1.0599953E-4 2.8746812E-5 5.38913E-4 3.4421927E-4
8.5935165E-4 3.325469E-4 7.0037897E-4 4.3888442E-4 1.8141815E-6 4.2165548E-4 0.99857193 1.1751996E-5 4.468051E-4 2.3550179E-7
4.0711745E-4 6.075508E-4 4.981777E-4 2.2482072E-4 3.4049962E-4 4.7171296E-4 3.750141E-7 0.9992008 2.9346626E-4 4.7174827E-4
1.7923952E-5 4.2174473E-5 2.7173225E-4 1.800014E-4 5.229962E-4 5.012032E-4 6.0911337E-4 4.8021277E-4 0.9989439 1.476501E-4
4.7385524E-4 5.1967774E-5 6.316232E-4 5.580827E-4 3.8555218E-4 5.990795E-4 2.950327E-9 2.0788368E-4 1.19038115E-4 0.99897987

0.9993639 7.0361588E-9 3.3581287E-5 3.1205005E-4 6.649107E-4 7.1063776E-5 5.996904E-4 1.35223E-5 5.3386606E-4 1.3122511E-4
0.99900264 3.485499E-8 1.0134725E-4 3.220273E-4 3.6393132E-4 5.368589E-4 6.4098526E-4 5.788129E-4 2.9269557E-8 7.133611E-5
1.9557086E-7 0.99904525 4.6994042E-4 5.932938E-4 7.0148514E-4 3.645593E-4 8.130997E-4 4.433245E-4 1.7771396E-4 2.7788628E-4
2.4435698E-5 3.971796E-4 0.9989369 1.7485045E-9 1.5407646E-5 4.6420706E-4 5.329372E-4 5.976099E-5 5.3644733E-5 7.160317E-4
2.1756225E-4 4.548268E-4 3.305699E-8 0.9987989 2.4181655E-4 1.2740261E-4 5.6147715E-4 2.3130127E-4 4.4162112E-4 8.1786816E-4
5.818426E-4 5.384201E-4 5.2021073E-7 7.4751844E-4 0.99899983 2.8978127E-7 3.9711088E-7 2.1991626E-4 5.069318E-4 2.8527848E-4
4.558366E-4 4.6581234E-4 1.1838959E-4 3.187207E-4 1.5181555E-5 0.99894184 1.0599892E-4 2.874555E-5 5.388917E-4 3.4420186E-4
8.5928E-4 3.3250282E-4 7.003476E-4 4.388516E-4 1.8140257E-6 4.2163697E-4 0.99857205 1.1751794E-5 4.4679083E-4 2.3548921E-7
4.0709318E-4 6.075195E-4 4.981549E-4 2.2480785E-4 3.4049133E-4 4.7170106E-4 3.7498907E-7 0.9992008 2.9346097E-4 4.7173657E-4
1.7921884E-5 4.2169526E-5 2.717149E-4 1.7998354E-4 5.2298175E-4 5.011709E-4 6.090814E-4 4.8019536E-4 0.998944 1.4764335E-4
4.738392E-4 5.1966734E-5 6.316232E-4 5.580601E-4 3.8555622E-4 5.990735E-4 2.9501357E-9 2.0788368E-4 1.190338E-4 0.9989799

0.99936396 7.0350583E-9 3.357831E-5 3.1203192E-4 6.649183E-4 7.106222E-5 5.996676E-4 1.352212E-5 5.33861E-4 1.312206E-4
0.99900264 3.4850732E-8 1.0135208E-4 3.220095E-4 3.6392384E-4 5.368461E-4 6.4094766E-4 5.787773E-4 2.9266822E-8 7.133182E-5
1.9553859E-7 0.99904525 4.6992025E-4 5.932907E-4 7.014755E-4 3.645652E-4 8.130927E-4 4.4333635E-4 1.7770582E-4 2.7789501E-4
2.4434137E-5 3.9715198E-4 0.99893695 1.7483044E-9 1.5407719E-5 4.6418892E-4 5.3292577E-4 5.9763555E-5 5.3641663E-5 7.160133E-4
2.175438E-4 4.5479124E-4 3.305264E-8 0.99879897 2.4180526E-4 1.273969E-4 5.614445E-4 2.312887E-4 4.4161544E-4 8.1786583E-4
5.8178714E-4 5.3839496E-4 5.2017305E-7 7.474896E-4 0.99899995 2.8977962E-7 3.9709536E-7 2.199129E-4 5.069374E-4 2.852801E-4
4.557873E-4 4.657897E-4 1.1838101E-4 3.1870216E-4 1.5180803E-5 0.9989419 1.0599832E-4 2.87444E-5 5.3887087E-4 3.4418513E-4
8.5921E-4 3.3245908E-4 7.0031424E-4 4.3881958E-4 1.8138666E-6 4.216173E-4 0.9985721 1.175157E-5 4.4677613E-4 2.3547709E-7
4.0706777E-4 6.0749E-4 4.98134E-4 2.247952E-4 3.4048175E-4 4.716887E-4 3.749662E-7 0.9992008 2.934562E-4 4.717231E-4
1.7919834E-5 4.21645E-5 2.716978E-4 1.7996535E-4 5.2296655E-4 5.011387E-4 6.0904806E-4 4.80178E-4 0.99894404 1.4763688E-4
4.7382407E-4 5.1965544E-5 6.316238E-4 5.5803725E-4 3.855612E-4 5.9906574E-4 2.94995E-9 2.0788467E-4 1.19029144E-4 0.99898

0.99936396 7.0340116E-9 3.3575365E-5 3.1201495E-4 6.6492433E-4 7.106093E-5 5.99647E-4 1.3521874E-5 5.338569E-4 1.3121584E-4
0.99900264 3.4846412E-8 1.01357204E-4 3.2199046E-4 3.639164E-4 5.368333E-4 6.4091076E-4 5.787423E-4 2.9263974E-8 7.132754E-5
1.9550653E-7 0.9990453 4.6989965E-4 5.9328874E-4 7.014671E-4 3.6457006E-4 8.130838E-4 4.4334837E-4 1.7769751E-4 2.7790348E-4
2.4432598E-5 3.9712698E-4 0.998937 1.748101E-9 1.5407779E-5 4.6417146E-4 5.329156E-4 5.9766066E-5 5.3638596E-5 7.159935E-4
2.175243E-4 4.5475873E-4 3.30481E-8 0.99879897 2.4179442E-4 1.2739131E-4 5.6141213E-4 2.3127635E-4 4.4161058E-4 8.1786426E-4
5.8173196E-4 5.383729E-4 5.201353E-7 7.474604E-4 0.999 2.8977905E-7 3.970802E-7 2.1990955E-4 5.0694315E-4 2.8528093E-4
4.557397E-4 4.6576973E-4 1.1837243E-4 3.1868363E-4 1.5180064E-5 0.9989419 1.0599781E-4 2.8743192E-5 5.3884904E-4 3.4416775E-4
8.591404E-4 3.3241694E-4 7.0028286E-4 4.3878614E-4 1.8137109E-6 4.215982E-4 0.9985722 1.1751368E-5 4.4676187E-4 2.3546451E-7
4.0704003E-4 6.0746394E-4 4.98115E-4 2.2478084E-4 3.4047203E-4 4.7167295E-4 3.7494686E-7 0.9992008 2.934537E-4 4.717078E-4
1.7917782E-5 4.2159758E-5 2.7168044E-4 1.7994751E-4 5.229523E-4 5.011074E-4 6.090158E-4 4.8016058E-4 0.99894404 1.4763013E-4
4.7380917E-4 5.1964802E-5 6.316244E-4 5.580154E-4 3.8556525E-4 5.990595E-4 2.9497644E-9 2.0788448E-4 1.1902472E-4 0.99898005

0.99936396 7.032952E-9 3.3572356E-5 3.1199653E-4 6.649319E-4 7.1059236E-5 5.996241E-4 1.352172E-5 5.338523E-4 1.3121121E-4
0.99900264 3.484236E-8 1.0136194E-4 3.2197265E-4 3.6390894E-4 5.36819E-4 6.4087467E-4 5.7870726E-4 2.9261296E-8 7.132325E-5
1.9547446E-7 0.9990453 4.6987995E-4 5.932862E-4 7.014571E-4 3.6457548E-4 8.1307604E-4 4.4336E-4 1.7768904E-4 2.7791224E-4
2.4431038E-5 3.97102E-4 0.9989371 1.7479009E-9 1.5407808E-5 4.641542E-4 5.3290394E-4 5.9768743E-5 5.3635475E-5 7.159744E-4
2.1750543E-4 4.5472578E-4 3.3043687E-8 0.998799 2.4178313E-4 1.2738585E-4 5.613792E-4 2.3126422E-4 4.416051E-4 8.1786345E-4
5.8167573E-4 5.3835136E-4 5.2009716E-7 7.4743264E-4 0.99900013 2.8977712E-7 3.9706467E-7 2.1990619E-4 5.069492E-4 2.8528285E-4
4.5569128E-4 4.6574973E-4 1.1836396E-4 3.186654E-4 1.5179311E-5 0.99894196 1.0599731E-4 2.8741986E-5 5.38828E-4 3.4415035E-4
8.590692E-4 3.3237477E-4 7.0025283E-4 4.387533E-4 1.81355E-6 4.2157932E-4 0.99857223 1.17511445E-5 4.467474E-4 2.3545171E-7
4.0701305E-4 6.074362E-4 4.9809506E-4 2.2476756E-4 3.4046196E-4 4.71659E-4 3.749247E-7 0.9992009 2.934495E-4 4.7169387E-4
1.7915732E-5 4.2155014E-5 2.7166386E-4 1.799295E-4 5.2293664E-4 5.010752E-4 6.0898333E-4 4.801432E-4 0.9989441 1.4762336E-4
4.7379424E-4 5.196391E-5 6.316238E-4 5.579923E-4 3.8557095E-4 5.9905037E-4 2.949573E-9 2.0788607E-4 1.1901984E-4 0.99898016

0.99936396 7.0318924E-9 3.3569442E-5 3.1197898E-4 6.649386E-4 7.105795E-5 5.99603E-4 1.35215005E-5 5.338475E-4 1.3120672E-4
0.99900264 3.4838106E-8 1.0136725E-4 3.2195364E-4 3.6390114E-4 5.368083E-4 6.408374E-4 5.786725E-4 2.925845E-8 7.131876E-5
1.9544221E-7 0.9990454 4.6986205E-4 5.9328304E-4 7.0144807E-4 3.6458104E-4 8.1306905E-4 4.4337267E-4 1.7768091E-4 2.7792098E-4
2.442943E-5 3.97077E-4 0.9989372 1.7477009E-9 1.5407866E-5 4.6413715E-4 5.328948E-4 5.9771137E-5 5.3632302E-5 7.1595464E-4
2.1748635E-4 4.5469415E-4 3.303934E-8 0.998799 2.4177184E-4 1.2738013E-4 5.613471E-4 2.3125143E-4 4.4160028E-4 8.1786036E-4
5.8162026E-4 5.383293E-4 5.200599E-7 7.474034E-4 0.99900025 2.89776E-7 3.9704838E-7 2.1990262E-4 5.06955E-4 2.8528474E-4
4.5564285E-4 4.6573064E-4 1.183555E-4 3.1864658E-4 1.51785725E-5 0.998942 1.05996696E-4 2.8740726E-5 5.388067E-4 3.4413394E-4
8.589996E-4 3.3233326E-4 7.002248E-4 4.387209E-4 1.8133909E-6 4.2156063E-4 0.9985723 1.1750932E-5 4.467327E-4 2.3543959E-7
4.06989E-4 6.074055E-4 4.9807184E-4 2.2475491E-4 3.4045338E-4 4.7164757E-4 3.7490074E-7 0.9992009 2.9344388E-4 4.7168173E-4
1.7913666E-5 4.215023E-5 2.716483E-4 1.7991131E-4 5.2292214E-4 5.010434E-4 6.089494E-4 4.8012604E-4 0.99894416 1.4761688E-4
4.7377823E-4 5.1963118E-5 6.3162623E-4 5.579705E-4 3.8557517E-4 5.9904467E-4 2.9493818E-9 2.0788587E-4 1.1901552E-4 0.9989802

0.999364 7.0308195E-9 3.3566466E-5 3.119611E-4 6.6494616E-4 7.105639E-5 5.995799E-4 1.352132E-5 5.338422E-4 1.3120196E-4
0.99900264 3.4833988E-8 1.01372665E-4 3.2193522E-4 3.6389314E-4 5.367944E-4 6.4079894E-4 5.7863723E-4 2.925566E-8 7.131441E-5
1.9540978E-7 0.9990454 4.6984412E-4 5.9328106E-4 7.014377E-4 3.645866E-4 8.130629E-4 4.433843E-4 1.7767228E-4 2.7793E-4
2.4427916E-5 3.970509E-4 0.99893725 1.7474976E-9 1.540794E-5 4.6411945E-4 5.3288235E-4 5.9773873E-5 5.3629134E-5 7.159362E-4
2.1746747E-4 4.5466077E-4 3.303493E-8 0.9987991 2.4176076E-4 1.2737431E-4 5.613142E-4 2.3123952E-4 4.415946E-4 8.178596E-4
5.8156485E-4 5.383077E-4 5.2002224E-7 7.4737385E-4 0.9990004 2.8977382E-7 3.9703326E-7 2.1989927E-4 5.069603E-4 2.852861E-4
4.5559485E-4 4.657111E-4 1.1834703E-4 3.1862833E-4 1.5177791E-5 0.9989421 1.0599609E-4 2.8739574E-5 5.3878565E-4 3.4411656E-4
8.5892924E-4 3.3229112E-4 7.001968E-4 4.3868806E-4 1.8132301E-6 4.2154072E-4 0.9985724 1.1750718E-5 4.46718E-4 2.3542701E-7
4.0696183E-4 6.073777E-4 4.980519E-4 2.2474142E-4 3.4044313E-4 4.716334E-4 3.7487894E-7 0.9992009 2.9344024E-4 4.716669E-4
1.7911581E-5 4.2145486E-5 2.7163254E-4 1.7989347E-4 5.2290596E-4 5.0101115E-4 6.0891715E-4 4.8010863E-4 0.9989442 1.4761028E-4
4.73764E-4 5.1962175E-5 6.3162623E-4 5.579471E-4 3.8558088E-4 5.9903634E-4 2.949185E-9 2.0788706E-4 1.1901065E-4 0.9989803

0.999364 7.029787E-9 3.3563585E-5 3.119436E-4 6.649522E-4 7.1054965E-5 5.995579E-4 1.3521114E-5 5.338386E-4 1.3119758E-4
0.99900264 3.48298E-8 1.013774E-4 3.2191802E-4 3.638864E-4 5.3678214E-4 6.4076233E-4 5.786016E-4 2.9252925E-8 7.131026E-5
1.9537792E-7 0.99904543 4.6982575E-4 5.93278E-4 7.014293E-4 3.6459198E-4 8.130543E-4 4.4339657E-4 1.7766397E-4 2.7793873E-4
2.4426308E-5 3.9702628E-4 0.9989373 1.7472943E-9 1.5407984E-5 4.6410132E-4 5.328719E-4 5.9776325E-5 5.3626114E-5 7.159178E-4
2.1744819E-4 4.546283E-4 3.3030453E-8 0.9987991 2.417497E-4 1.2736872E-4 5.612821E-4 2.3122696E-4 4.4158974E-4 8.1785803E-4
5.8150885E-4 5.382862E-4 5.199855E-7 7.4734574E-4 0.99900043 2.8977408E-7 3.9701771E-7 2.1989591E-4 5.0696614E-4 2.8528774E-4
4.5554622E-4 4.6569115E-4 1.18338685E-4 3.1860982E-4 1.5177067E-5 0.99894214 1.0599558E-4 2.8738314E-5 5.387646E-4 3.4409983E-4
8.5885805E-4 3.3224965E-4 7.001687E-4 4.3865544E-4 1.8130728E-6 4.2152184E-4 0.99857247 1.1750494E-5 4.467033E-4 2.3541511E-7
4.0693468E-4 6.073511E-4 4.9803144E-4 2.247277E-4 3.4043373E-4 4.7161902E-4 3.7485893E-7 0.9992009 2.934366E-4 4.7165249E-4
1.790955E-5 4.2140786E-5 2.71617E-4 1.7987545E-4 5.2289176E-4 5.009794E-4 6.088844E-4 4.8009126E-4 0.9989443 1.4760366E-4
4.7374796E-4 5.196148E-5 6.316268E-4 5.5792555E-4 3.855851E-4 5.9903035E-4 2.9489993E-9 2.0788725E-4 1.1900611E-4 0.9989804

0.999364 7.0287007E-9 3.356051E-5 3.119269E-4 6.649598E-4 7.105314E-5 5.995316E-4 1.3520985E-5 5.338358E-4 1.3119345E-4
0.99900264 3.4825682E-8 1.01382524E-4 3.218987E-4 3.638786E-4 5.3676835E-4 6.4072566E-4 5.7856715E-4 2.9250192E-8 7.130591E-5
1.9534588E-7 0.99904543 4.6980786E-4 5.932754E-4 7.0141966E-4 3.6459806E-4 8.130466E-4 4.434084E-4 1.7765567E-4 2.779472E-4
2.4424771E-5 3.9700017E-4 0.99893737 1.7470944E-9 1.5408057E-5 4.6408363E-4 5.32859E-4 5.977912E-5 5.3623047E-5 7.15898E-4
2.1742954E-4 4.545949E-4 3.3026108E-8 0.99879915 2.417391E-4 1.2736277E-4 5.612487E-4 2.3121505E-4 4.4158427E-4 8.178557E-4
5.8145233E-4 5.382641E-4 5.1994834E-7 7.4731547E-4 0.99900055 2.8977243E-7 3.9700257E-7 2.1989256E-4 5.0697237E-4 2.852888E-4
4.5549803E-4 4.6567115E-4 1.1833011E-4 3.1859128E-4 1.517633E-5 0.9989422 1.0599498E-4 2.8737135E-5 5.387435E-4 3.4408277E-4
8.587876E-4 3.3220783E-4 7.001401E-4 4.386222E-4 1.8129172E-6 4.2150274E-4 0.9985725 1.1750292E-5 4.4668926E-4 2.3540231E-7
4.069087E-4 6.0732267E-4 4.980106E-4 2.24714E-4 3.4042416E-4 4.7160574E-4 3.7483605E-7 0.99920094 2.9343297E-4 4.71639E-4
1.7907483E-5 4.2136082E-5 2.7160093E-4 1.7985728E-4 5.2287633E-4 5.009472E-4 6.08851E-4 4.800741E-4 0.9989443 1.475969E-4
4.737333E-4 5.196044E-5 6.316268E-4 5.5790186E-4 3.8559097E-4 5.990212E-4 2.9487968E-9 2.0788865E-4 1.1900134E-4 0.99898046

0.999364 7.027615E-9 3.3557535E-5 3.1191026E-4 6.6496484E-4 7.105144E-5 5.995079E-4 1.3520791E-5 5.3383375E-4 1.3118933E-4
0.99900264 3.4821433E-8 1.0138765E-4 3.2187937E-4 3.6387198E-4 5.3675455E-4 6.406872E-4 5.785316E-4 2.9247403E-8 7.130156E-5
1.9531365E-7 0.9990455 4.697895E-4 5.9327116E-4 7.014123E-4 3.6460327E-4 8.1303844E-4 4.4342046E-4 1.7764754E-4 2.7795596E-4
2.442321E-5 3.969752E-4 0.9989375 1.7468944E-9 1.5408132E-5 4.6406573E-4 5.328483E-4 5.9781625E-5 5.361993E-5 7.1587955E-4
2.1741088E-4 4.5456283E-4 3.3021635E-8 0.99879915 2.4172803E-4 1.2735718E-4 5.6121685E-4 2.3120205E-4 4.4157944E-4 8.1785413E-4
5.813969E-4 5.382431E-4 5.199117E-7 7.472845E-4 0.99900067 2.8977078E-7 3.969863E-7 2.198892E-4 5.0697796E-4 2.8529018E-4
4.554494E-4 4.656512E-4 1.1832176E-4 3.1857184E-4 1.517562E-5 0.99894226 1.05994375E-4 2.8735903E-5 5.387222E-4 3.440654E-4
8.587177E-4 3.3216635E-4 7.001127E-4 4.3858855E-4 1.8127632E-6 4.2148348E-4 0.9985726 1.17500795E-5 4.466746E-4 2.3539019E-7
4.0688427E-4 6.072914E-4 4.9798825E-4 2.2470093E-4 3.4041604E-4 4.7159384E-4 3.7481172E-7 0.99920094 2.9342683E-4 4.7162687E-4
1.7905399E-5 4.213126E-5 2.715854E-4 1.7983875E-4 5.228628E-4 5.009154E-4 6.088185E-4 4.800567E-4 0.99894434 1.4759015E-4
4.737175E-4 5.1959745E-5 6.3162803E-4 5.5787846E-4 3.8559613E-4 5.990135E-4 2.9486114E-9 2.0788904E-4 1.189968E-4 0.9989805

0.9993641 7.0265562E-9 3.3554494E-5 3.1189303E-4 6.649722E-4 7.104968E-5 5.9948355E-4 1.3520676E-5 5.3383125E-4 1.3118506E-4
0.99900264 3.4817248E-8 1.01392776E-4 3.2186002E-4 3.638647E-4 5.367423E-4 6.4065086E-4 5.784977E-4 2.9244614E-8 7.129714E-5
1.9528142E-7 0.9990455 4.6977203E-4 5.93267E-4 7.014046E-4 3.6460866E-4 8.1303145E-4 4.4343292E-4 1.776389E-4 2.7796443E-4
2.442158E-5 3.9694985E-4 0.99893755 1.7466845E-9 1.5408219E-5 4.6404736E-4 5.328374E-4 5.9784306E-5 5.361686E-5 7.1586046E-4
2.173916E-4 4.545308E-4 3.301729E-8 0.9987992 2.4171744E-4 1.2735171E-4 5.611845E-4 2.311897E-4 4.4157417E-4 8.1785256E-4
5.813415E-4 5.3822156E-4 5.198735E-7 7.472535E-4 0.9990007 2.8976996E-7 3.9697116E-7 2.1988586E-4 5.069835E-4 2.852918E-4
4.554012E-4 4.6563122E-4 1.183133E-4 3.18553E-4 1.5174882E-5 0.99894226 1.05993764E-4 2.8734752E-5 5.387014E-4 3.4404834E-4
